#!/usr/bin/Rscript
#  R/sin_coefs.R Author "Nathan Wycoff <nathanbrwycoff@gmail.com>" Date 03.30.2019


# First 100 coefs of the sine function expanded about 0
sin_coefs <- c( 0., 1., 0., -0.166667, 0., 0.00833333, 0., -0.000198413, 0., 
               2.75573*10^-6, 0., -2.50521*10^-8, 0., 1.6059*10^-10, 0., 
               -7.64716*10^-13, 0., 2.81146*10^-15, 0., -8.22064*10^-18, 0., 
               1.95729*10^-20, 0., -3.86817*10^-23, 0., 6.44695*10^-26, 0., 
               -9.18369*10^-29, 0., 1.131*10^-31, 0., -1.21613*10^-34, 0., 
               1.15163*10^-37, 0., -9.67759*10^-41, 0., 7.26546*10^-44, 0., 
               -4.90247*10^-47, 0., 2.98931*10^-50, 0., -1.65521*10^-53, 0., 
               8.35965*10^-57, 0., -3.86663*10^-60, 0., 1.64397*10^-63, 0., 
               -6.44696*10^-67, 0., 2.33925*10^-70, 0., -7.87625*10^-74, 0., 
               2.4675*10^-77, 0., -7.21068*10^-81, 0., 1.97013*10^-84, 0., 
               -5.04386*10^-88, 0., 1.21247*10^-91, 0., -2.7419*10^-95, 0., 
               5.84377*10^-99, 0., -1.17581*10^-102, 0., 2.23708*10^-106, 0., 
               -4.03077*10^-110, 0., 6.88785*10^-114, 0., -1.1178*10^-117, 0., 
               1.72499*10^-121, 0., -2.53452*10^-125, 0., 3.54974*10^-129, 0., 
               -4.74438*10^-133, 0., 6.05769*10^-137, 0., -7.39644*10^-141, 0., 
               8.64474*10^-145, 0., -9.68056*10^-149, 0., 1.03958*10^-152, 0., 
               -1.07151*10^-156)

